(kicad_pcb (version 20171130) (host pcbnew "(5.1.7)-1")

  (general
    (thickness 1.6)
    (drawings 981)
    (tracks 829)
    (zones 0)
    (modules 68)
    (nets 55)
  )

  (page A3)
  (layers
    (0 F.Cu signal)
    (31 B.Cu signal)
    (32 B.Adhes user)
    (33 F.Adhes user)
    (34 B.Paste user)
    (35 F.Paste user)
    (36 B.SilkS user)
    (37 F.SilkS user)
    (38 B.Mask user)
    (39 F.Mask user)
    (40 Dwgs.User user)
    (41 Cmts.User user)
    (42 Eco1.User user)
    (43 Eco2.User user)
    (44 Edge.Cuts user)
    (45 Margin user)
    (46 B.CrtYd user)
    (47 F.CrtYd user)
    (48 B.Fab user)
    (49 F.Fab user)
  )

  (setup
    (last_trace_width 0.25)
    (trace_clearance 0.2)
    (zone_clearance 0.508)
    (zone_45_only no)
    (trace_min 0)
    (via_size 0.8)
    (via_drill 0.4)
    (via_min_size 0.4)
    (via_min_drill 0.3)
    (uvia_size 0.3)
    (uvia_drill 0.1)
    (uvias_allowed no)
    (uvia_min_size 0.2)
    (uvia_min_drill 0.1)
    (edge_width 0.05)
    (segment_width 0.2)
    (pcb_text_width 0.3)
    (pcb_text_size 1.5 1.5)
    (mod_edge_width 0.12)
    (mod_text_size 1 1)
    (mod_text_width 0.15)
    (pad_size 1.524 1.524)
    (pad_drill 0.762)
    (pad_to_mask_clearance 0)
    (aux_axis_origin 0 0)
    (visible_elements 7FFFFFFF)
    (pcbplotparams
      (layerselection 0x010f0_ffffffff)
      (usegerberextensions false)
      (usegerberattributes false)
      (usegerberadvancedattributes false)
      (creategerberjobfile false)
      (excludeedgelayer true)
      (linewidth 0.100000)
      (plotframeref false)
      (viasonmask false)
      (mode 1)
      (useauxorigin false)
      (hpglpennumber 1)
      (hpglpenspeed 20)
      (hpglpendiameter 15.000000)
      (psnegative false)
      (psa4output false)
      (plotreference true)
      (plotvalue true)
      (plotinvisibletext false)
      (padsonsilk false)
      (subtractmaskfromsilk false)
      (outputformat 1)
      (mirror false)
      (drillshape 0)
      (scaleselection 1)
      (outputdirectory "../Elecrow/"))
  )

  (net 0 "")
  (net 1 "Net-(D1-Pad2)")
  (net 2 row0)
  (net 3 "Net-(D2-Pad2)")
  (net 4 row1)
  (net 5 "Net-(D3-Pad2)")
  (net 6 row2)
  (net 7 "Net-(D4-Pad2)")
  (net 8 "Net-(D5-Pad2)")
  (net 9 "Net-(D6-Pad2)")
  (net 10 "Net-(D7-Pad2)")
  (net 11 "Net-(D8-Pad2)")
  (net 12 "Net-(D9-Pad2)")
  (net 13 "Net-(D10-Pad2)")
  (net 14 "Net-(D11-Pad2)")
  (net 15 "Net-(D12-Pad2)")
  (net 16 "Net-(D13-Pad2)")
  (net 17 "Net-(D14-Pad2)")
  (net 18 "Net-(D15-Pad2)")
  (net 19 row3)
  (net 20 "Net-(D16-Pad2)")
  (net 21 row4)
  (net 22 "Net-(D17-Pad2)")
  (net 23 row5)
  (net 24 "Net-(D18-Pad2)")
  (net 25 "Net-(D19-Pad2)")
  (net 26 row6)
  (net 27 row7)
  (net 28 "Net-(D20-Pad2)")
  (net 29 "Net-(D21-Pad2)")
  (net 30 "Net-(D22-Pad2)")
  (net 31 "Net-(D23-Pad2)")
  (net 32 "Net-(D24-Pad2)")
  (net 33 "Net-(D25-Pad2)")
  (net 34 "Net-(D26-Pad2)")
  (net 35 "Net-(D27-Pad2)")
  (net 36 "Net-(D28-Pad2)")
  (net 37 "Net-(D29-Pad2)")
  (net 38 "Net-(D30-Pad2)")
  (net 39 "Net-(D31-Pad2)")
  (net 40 "Net-(D32-Pad2)")
  (net 41 VCC)
  (net 42 led)
  (net 43 GND)
  (net 44 reset)
  (net 45 col0)
  (net 46 col1)
  (net 47 col2)
  (net 48 col3)
  (net 49 col4)
  (net 50 "Net-(U1-Pad24)")
  (net 51 "Net-(U1-Pad12)")
  (net 52 "Net-(U1-Pad6)")
  (net 53 "Net-(U1-Pad5)")
  (net 54 "Net-(U1-Pad2)")

  (net_class Default "This is the default net class."
    (clearance 0.2)
    (trace_width 0.25)
    (via_dia 0.8)
    (via_drill 0.4)
    (uvia_dia 0.3)
    (uvia_drill 0.1)
    (add_net GND)
    (add_net "Net-(D1-Pad2)")
    (add_net "Net-(D10-Pad2)")
    (add_net "Net-(D11-Pad2)")
    (add_net "Net-(D12-Pad2)")
    (add_net "Net-(D13-Pad2)")
    (add_net "Net-(D14-Pad2)")
    (add_net "Net-(D15-Pad2)")
    (add_net "Net-(D16-Pad2)")
    (add_net "Net-(D17-Pad2)")
    (add_net "Net-(D18-Pad2)")
    (add_net "Net-(D19-Pad2)")
    (add_net "Net-(D2-Pad2)")
    (add_net "Net-(D20-Pad2)")
    (add_net "Net-(D21-Pad2)")
    (add_net "Net-(D22-Pad2)")
    (add_net "Net-(D23-Pad2)")
    (add_net "Net-(D24-Pad2)")
    (add_net "Net-(D25-Pad2)")
    (add_net "Net-(D26-Pad2)")
    (add_net "Net-(D27-Pad2)")
    (add_net "Net-(D28-Pad2)")
    (add_net "Net-(D29-Pad2)")
    (add_net "Net-(D3-Pad2)")
    (add_net "Net-(D30-Pad2)")
    (add_net "Net-(D31-Pad2)")
    (add_net "Net-(D32-Pad2)")
    (add_net "Net-(D4-Pad2)")
    (add_net "Net-(D5-Pad2)")
    (add_net "Net-(D6-Pad2)")
    (add_net "Net-(D7-Pad2)")
    (add_net "Net-(D8-Pad2)")
    (add_net "Net-(D9-Pad2)")
    (add_net "Net-(U1-Pad12)")
    (add_net "Net-(U1-Pad2)")
    (add_net "Net-(U1-Pad24)")
    (add_net "Net-(U1-Pad5)")
    (add_net "Net-(U1-Pad6)")
    (add_net VCC)
    (add_net col0)
    (add_net col1)
    (add_net col2)
    (add_net col3)
    (add_net col4)
    (add_net led)
    (add_net reset)
    (add_net row0)
    (add_net row1)
    (add_net row2)
    (add_net row3)
    (add_net row4)
    (add_net row5)
    (add_net row6)
    (add_net row7)
  )

  (module kbd:CherryMX_Hotswap (layer F.Cu) (tedit 5F70BC32) (tstamp 6055B132)
    (at 250.571 145.923 5)
    (path /60569926)
    (fp_text reference SW23 (at 7.1 8.2 5) (layer F.SilkS) hide
      (effects (font (size 1 1) (thickness 0.15)))
    )
    (fp_text value SW_PUSH (at -4.8 8.3 5) (layer F.Fab) hide
      (effects (font (size 1 1) (thickness 0.15)))
    )
    (fp_line (start 4.25 -6.4) (end 3 -6.4) (layer B.SilkS) (width 0.4))
    (fp_line (start -5.45 -1.3) (end -3 -1.3) (layer B.SilkS) (width 0.5))
    (fp_line (start 4.4 -6.6) (end -3.800001 -6.6) (layer B.SilkS) (width 0.15))
    (fp_line (start -0.4 -3) (end 4.4 -3) (layer B.SilkS) (width 0.15))
    (fp_line (start -5.65 -1.1) (end -2.62 -1.1) (layer B.SilkS) (width 0.15))
    (fp_line (start -5.9 -4.7) (end -5.9 -3.95) (layer B.SilkS) (width 0.15))
    (fp_line (start -5.65 -5.55) (end -5.65 -1.1) (layer B.SilkS) (width 0.15))
    (fp_line (start -5.9 -3.95) (end -5.7 -3.95) (layer B.SilkS) (width 0.15))
    (fp_line (start 4.38 -4) (end 4.38 -6.25) (layer B.SilkS) (width 0.15))
    (fp_line (start 4.4 -3) (end 4.4 -6.6) (layer B.SilkS) (width 0.15))
    (fp_line (start 2.6 -4.8) (end -4.1 -4.8) (layer B.SilkS) (width 3.5))
    (fp_line (start 3.9 -6) (end 3.9 -3.5) (layer B.SilkS) (width 1))
    (fp_line (start 4.2 -3.25) (end 2.9 -3.3) (layer B.SilkS) (width 0.5))
    (fp_line (start -4.17 -5.1) (end -4.17 -2.86) (layer B.SilkS) (width 3))
    (fp_line (start -5.3 -1.6) (end -5.3 -3.399999) (layer B.SilkS) (width 0.8))
    (fp_line (start -5.8 -4.05) (end -5.8 -4.7) (layer B.SilkS) (width 0.3))
    (fp_line (start -9.525 -9.525) (end 9.525 -9.525) (layer Dwgs.User) (width 0.15))
    (fp_line (start 9.525 -9.525) (end 9.525 9.525) (layer Dwgs.User) (width 0.15))
    (fp_line (start 9.525 9.525) (end -9.525 9.525) (layer Dwgs.User) (width 0.15))
    (fp_line (start -9.525 9.525) (end -9.525 -9.525) (layer Dwgs.User) (width 0.15))
    (fp_line (start -7 -6) (end -7 -7) (layer Dwgs.User) (width 0.15))
    (fp_line (start 7 -7) (end 6 -7) (layer Dwgs.User) (width 0.15))
    (fp_line (start -7 6) (end -7 7) (layer Dwgs.User) (width 0.15))
    (fp_line (start 6 7) (end 7 7) (layer Dwgs.User) (width 0.15))
    (fp_line (start 7 7) (end 7 6) (layer Dwgs.User) (width 0.15))
    (fp_line (start -7 -7) (end -6 -7) (layer Dwgs.User) (width 0.15))
    (fp_line (start 7 -7) (end 7 -6) (layer Dwgs.User) (width 0.15))
    (fp_line (start -7 7) (end -6 7) (layer Dwgs.User) (width 0.15))
    (fp_arc (start -0.865 -1.23) (end -0.8 -3.4) (angle -84) (layer B.SilkS) (width 1))
    (fp_arc (start -3.9 -4.6) (end -3.800001 -6.6) (angle -90) (layer B.SilkS) (width 0.15))
    (fp_arc (start -0.465 -0.83) (end -0.4 -3) (angle -84) (layer B.SilkS) (width 0.15))
    (pad 1 smd rect (at -7.085 -2.54 185) (size 2.55 2.5) (layers B.Cu B.Paste B.Mask)
      (net 46 col1))
    (pad "" np_thru_hole circle (at 0 0 95) (size 4.1 4.1) (drill 4.1) (layers *.Cu *.Mask))
    (pad "" np_thru_hole circle (at 5.08 0 5) (size 1.9 1.9) (drill 1.9) (layers *.Cu *.Mask))
    (pad "" np_thru_hole circle (at -5.08 0 5) (size 1.9 1.9) (drill 1.9) (layers *.Cu *.Mask))
    (pad 2 smd rect (at 5.842 -5.08 185) (size 2.55 2.5) (layers B.Cu B.Paste B.Mask)
      (net 31 "Net-(D23-Pad2)"))
    (pad "" np_thru_hole circle (at -3.81 -2.54 5) (size 3 3) (drill 3) (layers *.Cu *.Mask))
    (pad "" np_thru_hole circle (at 2.54 -5.08 5) (size 3 3) (drill 3) (layers *.Cu *.Mask))
    (model /Users/foostan/src/github.com/foostan/kbd/kicad-packages3D/kbd.3dshapes/Kailh-CherryMX-Socket.step
      (offset (xyz -1.3 7.6 -3.6))
      (scale (xyz 1 1 1))
      (rotate (xyz 0 0 180))
    )
  )

  (module kbd:ResetSW (layer F.Cu) (tedit 5B9559E6) (tstamp 6055AD6C)
    (at 208.915 145.542)
    (path /60640DEF)
    (fp_text reference RSW1 (at 0 2.55) (layer F.SilkS) hide
      (effects (font (size 1 1) (thickness 0.15)))
    )
    (fp_text value RESET_SWITCH (at 0 -2.55) (layer F.Fab)
      (effects (font (size 1 1) (thickness 0.15)))
    )
    (fp_line (start 3 1.5) (end 3 1.75) (layer B.SilkS) (width 0.15))
    (fp_line (start 3 1.75) (end -3 1.75) (layer B.SilkS) (width 0.15))
    (fp_line (start -3 1.75) (end -3 1.5) (layer B.SilkS) (width 0.15))
    (fp_line (start -3 -1.5) (end -3 -1.75) (layer B.SilkS) (width 0.15))
    (fp_line (start -3 -1.75) (end 3 -1.75) (layer B.SilkS) (width 0.15))
    (fp_line (start 3 -1.75) (end 3 -1.5) (layer B.SilkS) (width 0.15))
    (fp_line (start -3 1.75) (end 3 1.75) (layer F.SilkS) (width 0.15))
    (fp_line (start 3 1.75) (end 3 1.5) (layer F.SilkS) (width 0.15))
    (fp_line (start -3 1.75) (end -3 1.5) (layer F.SilkS) (width 0.15))
    (fp_line (start -3 -1.75) (end -3 -1.5) (layer F.SilkS) (width 0.15))
    (fp_line (start -3 -1.75) (end 3 -1.75) (layer F.SilkS) (width 0.15))
    (fp_line (start 3 -1.75) (end 3 -1.5) (layer F.SilkS) (width 0.15))
    (fp_text user RESET (at 0.127 0) (layer B.SilkS)
      (effects (font (size 1 1) (thickness 0.15)) (justify mirror))
    )
    (pad 1 thru_hole circle (at 3.25 0) (size 2 2) (drill 1.3) (layers *.Cu *.Mask F.SilkS)
      (net 44 reset))
    (pad 2 thru_hole circle (at -3.25 0) (size 2 2) (drill 1.3) (layers *.Cu *.Mask F.SilkS)
      (net 43 GND))
  )

  (module kbd:CherryMX_Hotswap (layer F.Cu) (tedit 5F70BC32) (tstamp 6055B0B4)
    (at 238.506 167.894 5)
    (path /6056A069)
    (fp_text reference SW20 (at 7.1 8.2 5) (layer F.SilkS) hide
      (effects (font (size 1 1) (thickness 0.15)))
    )
    (fp_text value SW_PUSH (at -4.8 8.3 5) (layer F.Fab) hide
      (effects (font (size 1 1) (thickness 0.15)))
    )
    (fp_line (start 4.25 -6.4) (end 3 -6.4) (layer B.SilkS) (width 0.4))
    (fp_line (start -5.45 -1.3) (end -3 -1.3) (layer B.SilkS) (width 0.5))
    (fp_line (start 4.4 -6.6) (end -3.800001 -6.6) (layer B.SilkS) (width 0.15))
    (fp_line (start -0.4 -3) (end 4.4 -3) (layer B.SilkS) (width 0.15))
    (fp_line (start -5.65 -1.1) (end -2.62 -1.1) (layer B.SilkS) (width 0.15))
    (fp_line (start -5.9 -4.7) (end -5.9 -3.95) (layer B.SilkS) (width 0.15))
    (fp_line (start -5.65 -5.55) (end -5.65 -1.1) (layer B.SilkS) (width 0.15))
    (fp_line (start -5.9 -3.95) (end -5.7 -3.95) (layer B.SilkS) (width 0.15))
    (fp_line (start 4.38 -4) (end 4.38 -6.25) (layer B.SilkS) (width 0.15))
    (fp_line (start 4.4 -3) (end 4.4 -6.6) (layer B.SilkS) (width 0.15))
    (fp_line (start 2.6 -4.8) (end -4.1 -4.8) (layer B.SilkS) (width 3.5))
    (fp_line (start 3.9 -6) (end 3.9 -3.5) (layer B.SilkS) (width 1))
    (fp_line (start 4.2 -3.25) (end 2.9 -3.3) (layer B.SilkS) (width 0.5))
    (fp_line (start -4.17 -5.1) (end -4.17 -2.86) (layer B.SilkS) (width 3))
    (fp_line (start -5.3 -1.6) (end -5.3 -3.399999) (layer B.SilkS) (width 0.8))
    (fp_line (start -5.8 -4.05) (end -5.8 -4.7) (layer B.SilkS) (width 0.3))
    (fp_line (start -9.525 -9.525) (end 9.525 -9.525) (layer Dwgs.User) (width 0.15))
    (fp_line (start 9.525 -9.525) (end 9.525 9.525) (layer Dwgs.User) (width 0.15))
    (fp_line (start 9.525 9.525) (end -9.525 9.525) (layer Dwgs.User) (width 0.15))
    (fp_line (start -9.525 9.525) (end -9.525 -9.525) (layer Dwgs.User) (width 0.15))
    (fp_line (start -7 -6) (end -7 -7) (layer Dwgs.User) (width 0.15))
    (fp_line (start 7 -7) (end 6 -7) (layer Dwgs.User) (width 0.15))
    (fp_line (start -7 6) (end -7 7) (layer Dwgs.User) (width 0.15))
    (fp_line (start 6 7) (end 7 7) (layer Dwgs.User) (width 0.15))
    (fp_line (start 7 7) (end 7 6) (layer Dwgs.User) (width 0.15))
    (fp_line (start -7 -7) (end -6 -7) (layer Dwgs.User) (width 0.15))
    (fp_line (start 7 -7) (end 7 -6) (layer Dwgs.User) (width 0.15))
    (fp_line (start -7 7) (end -6 7) (layer Dwgs.User) (width 0.15))
    (fp_arc (start -0.865 -1.23) (end -0.8 -3.4) (angle -84) (layer B.SilkS) (width 1))
    (fp_arc (start -3.9 -4.6) (end -3.800001 -6.6) (angle -90) (layer B.SilkS) (width 0.15))
    (fp_arc (start -0.465 -0.83) (end -0.4 -3) (angle -84) (layer B.SilkS) (width 0.15))
    (pad 1 smd rect (at -7.085 -2.54 185) (size 2.55 2.5) (layers B.Cu B.Paste B.Mask)
      (net 45 col0))
    (pad "" np_thru_hole circle (at 0 0 95) (size 4.1 4.1) (drill 4.1) (layers *.Cu *.Mask))
    (pad "" np_thru_hole circle (at 5.08 0 5) (size 1.9 1.9) (drill 1.9) (layers *.Cu *.Mask))
    (pad "" np_thru_hole circle (at -5.08 0 5) (size 1.9 1.9) (drill 1.9) (layers *.Cu *.Mask))
    (pad 2 smd rect (at 5.842 -5.08 185) (size 2.55 2.5) (layers B.Cu B.Paste B.Mask)
      (net 28 "Net-(D20-Pad2)"))
    (pad "" np_thru_hole circle (at -3.81 -2.54 5) (size 3 3) (drill 3) (layers *.Cu *.Mask))
    (pad "" np_thru_hole circle (at 2.54 -5.08 5) (size 3 3) (drill 3) (layers *.Cu *.Mask))
    (model /Users/foostan/src/github.com/foostan/kbd/kicad-packages3D/kbd.3dshapes/Kailh-CherryMX-Socket.step
      (offset (xyz -1.3 7.6 -3.6))
      (scale (xyz 1 1 1))
      (rotate (xyz 0 0 180))
    )
  )

  (module kbd:CherryMX_Hotswap (layer F.Cu) (tedit 5F70BC32) (tstamp 6055AF64)
    (at 167.2 145.923 355)
    (path /6059E992)
    (fp_text reference SW12 (at 7.1 8.2 175) (layer F.SilkS) hide
      (effects (font (size 1 1) (thickness 0.15)))
    )
    (fp_text value SW_PUSH (at -4.8 8.3 175) (layer F.Fab) hide
      (effects (font (size 1 1) (thickness 0.15)))
    )
    (fp_line (start 4.25 -6.4) (end 3 -6.4) (layer B.SilkS) (width 0.4))
    (fp_line (start -5.45 -1.3) (end -3 -1.3) (layer B.SilkS) (width 0.5))
    (fp_line (start 4.4 -6.6) (end -3.800001 -6.6) (layer B.SilkS) (width 0.15))
    (fp_line (start -0.4 -3) (end 4.4 -3) (layer B.SilkS) (width 0.15))
    (fp_line (start -5.65 -1.1) (end -2.62 -1.1) (layer B.SilkS) (width 0.15))
    (fp_line (start -5.9 -4.7) (end -5.9 -3.95) (layer B.SilkS) (width 0.15))
    (fp_line (start -5.65 -5.55) (end -5.65 -1.1) (layer B.SilkS) (width 0.15))
    (fp_line (start -5.9 -3.95) (end -5.7 -3.95) (layer B.SilkS) (width 0.15))
    (fp_line (start 4.38 -4) (end 4.38 -6.25) (layer B.SilkS) (width 0.15))
    (fp_line (start 4.4 -3) (end 4.4 -6.6) (layer B.SilkS) (width 0.15))
    (fp_line (start 2.6 -4.8) (end -4.1 -4.8) (layer B.SilkS) (width 3.5))
    (fp_line (start 3.9 -6) (end 3.9 -3.5) (layer B.SilkS) (width 1))
    (fp_line (start 4.2 -3.25) (end 2.9 -3.3) (layer B.SilkS) (width 0.5))
    (fp_line (start -4.17 -5.1) (end -4.17 -2.86) (layer B.SilkS) (width 3))
    (fp_line (start -5.3 -1.6) (end -5.3 -3.399999) (layer B.SilkS) (width 0.8))
    (fp_line (start -5.8 -4.05) (end -5.8 -4.7) (layer B.SilkS) (width 0.3))
    (fp_line (start -9.525 -9.525) (end 9.525 -9.525) (layer Dwgs.User) (width 0.15))
    (fp_line (start 9.525 -9.525) (end 9.525 9.525) (layer Dwgs.User) (width 0.15))
    (fp_line (start 9.525 9.525) (end -9.525 9.525) (layer Dwgs.User) (width 0.15))
    (fp_line (start -9.525 9.525) (end -9.525 -9.525) (layer Dwgs.User) (width 0.15))
    (fp_line (start -7 -6) (end -7 -7) (layer Dwgs.User) (width 0.15))
    (fp_line (start 7 -7) (end 6 -7) (layer Dwgs.User) (width 0.15))
    (fp_line (start -7 6) (end -7 7) (layer Dwgs.User) (width 0.15))
    (fp_line (start 6 7) (end 7 7) (layer Dwgs.User) (width 0.15))
    (fp_line (start 7 7) (end 7 6) (layer Dwgs.User) (width 0.15))
    (fp_line (start -7 -7) (end -6 -7) (layer Dwgs.User) (width 0.15))
    (fp_line (start 7 -7) (end 7 -6) (layer Dwgs.User) (width 0.15))
    (fp_line (start -7 7) (end -6 7) (layer Dwgs.User) (width 0.15))
    (fp_arc (start -0.865 -1.23) (end -0.8 -3.4) (angle -84) (layer B.SilkS) (width 1))
    (fp_arc (start -3.9 -4.6) (end -3.800001 -6.6) (angle -90) (layer B.SilkS) (width 0.15))
    (fp_arc (start -0.465 -0.83) (end -0.4 -3) (angle -84) (layer B.SilkS) (width 0.15))
    (pad 1 smd rect (at -7.085 -2.54 175) (size 2.55 2.5) (layers B.Cu B.Paste B.Mask)
      (net 48 col3))
    (pad "" np_thru_hole circle (at 0 0 85) (size 4.1 4.1) (drill 4.1) (layers *.Cu *.Mask))
    (pad "" np_thru_hole circle (at 5.08 0 355) (size 1.9 1.9) (drill 1.9) (layers *.Cu *.Mask))
    (pad "" np_thru_hole circle (at -5.08 0 355) (size 1.9 1.9) (drill 1.9) (layers *.Cu *.Mask))
    (pad 2 smd rect (at 5.842 -5.08 175) (size 2.55 2.5) (layers B.Cu B.Paste B.Mask)
      (net 15 "Net-(D12-Pad2)"))
    (pad "" np_thru_hole circle (at -3.81 -2.54 355) (size 3 3) (drill 3) (layers *.Cu *.Mask))
    (pad "" np_thru_hole circle (at 2.54 -5.08 355) (size 3 3) (drill 3) (layers *.Cu *.Mask))
    (model /Users/foostan/src/github.com/foostan/kbd/kicad-packages3D/kbd.3dshapes/Kailh-CherryMX-Socket.step
      (offset (xyz -1.3 7.6 -3.6))
      (scale (xyz 1 1 1))
      (rotate (xyz 0 0 180))
    )
  )

  (module kbd:CherryMX_Hotswap (layer F.Cu) (tedit 5F70BC32) (tstamp 6055B00C)
    (at 179.324 167.894 355)
    (path /6059E99E)
    (fp_text reference SW16 (at 7.1 8.2 175) (layer F.SilkS) hide
      (effects (font (size 1 1) (thickness 0.15)))
    )
    (fp_text value SW_PUSH (at -4.8 8.3 175) (layer F.Fab) hide
      (effects (font (size 1 1) (thickness 0.15)))
    )
    (fp_line (start 4.25 -6.4) (end 3 -6.4) (layer B.SilkS) (width 0.4))
    (fp_line (start -5.45 -1.3) (end -3 -1.3) (layer B.SilkS) (width 0.5))
    (fp_line (start 4.4 -6.6) (end -3.800001 -6.6) (layer B.SilkS) (width 0.15))
    (fp_line (start -0.4 -3) (end 4.4 -3) (layer B.SilkS) (width 0.15))
    (fp_line (start -5.65 -1.1) (end -2.62 -1.1) (layer B.SilkS) (width 0.15))
    (fp_line (start -5.9 -4.7) (end -5.9 -3.95) (layer B.SilkS) (width 0.15))
    (fp_line (start -5.65 -5.55) (end -5.65 -1.1) (layer B.SilkS) (width 0.15))
    (fp_line (start -5.9 -3.95) (end -5.7 -3.95) (layer B.SilkS) (width 0.15))
    (fp_line (start 4.38 -4) (end 4.38 -6.25) (layer B.SilkS) (width 0.15))
    (fp_line (start 4.4 -3) (end 4.4 -6.6) (layer B.SilkS) (width 0.15))
    (fp_line (start 2.6 -4.8) (end -4.1 -4.8) (layer B.SilkS) (width 3.5))
    (fp_line (start 3.9 -6) (end 3.9 -3.5) (layer B.SilkS) (width 1))
    (fp_line (start 4.2 -3.25) (end 2.9 -3.3) (layer B.SilkS) (width 0.5))
    (fp_line (start -4.17 -5.1) (end -4.17 -2.86) (layer B.SilkS) (width 3))
    (fp_line (start -5.3 -1.6) (end -5.3 -3.399999) (layer B.SilkS) (width 0.8))
    (fp_line (start -5.8 -4.05) (end -5.8 -4.7) (layer B.SilkS) (width 0.3))
    (fp_line (start -9.525 -9.525) (end 9.525 -9.525) (layer Dwgs.User) (width 0.15))
    (fp_line (start 9.525 -9.525) (end 9.525 9.525) (layer Dwgs.User) (width 0.15))
    (fp_line (start 9.525 9.525) (end -9.525 9.525) (layer Dwgs.User) (width 0.15))
    (fp_line (start -9.525 9.525) (end -9.525 -9.525) (layer Dwgs.User) (width 0.15))
    (fp_line (start -7 -6) (end -7 -7) (layer Dwgs.User) (width 0.15))
    (fp_line (start 7 -7) (end 6 -7) (layer Dwgs.User) (width 0.15))
    (fp_line (start -7 6) (end -7 7) (layer Dwgs.User) (width 0.15))
    (fp_line (start 6 7) (end 7 7) (layer Dwgs.User) (width 0.15))
    (fp_line (start 7 7) (end 7 6) (layer Dwgs.User) (width 0.15))
    (fp_line (start -7 -7) (end -6 -7) (layer Dwgs.User) (width 0.15))
    (fp_line (start 7 -7) (end 7 -6) (layer Dwgs.User) (width 0.15))
    (fp_line (start -7 7) (end -6 7) (layer Dwgs.User) (width 0.15))
    (fp_arc (start -0.865 -1.23) (end -0.8 -3.4) (angle -84) (layer B.SilkS) (width 1))
    (fp_arc (start -3.9 -4.6) (end -3.800001 -6.6) (angle -90) (layer B.SilkS) (width 0.15))
    (fp_arc (start -0.465 -0.83) (end -0.4 -3) (angle -84) (layer B.SilkS) (width 0.15))
    (pad 1 smd rect (at -7.085 -2.54 175) (size 2.55 2.5) (layers B.Cu B.Paste B.Mask)
      (net 49 col4))
    (pad "" np_thru_hole circle (at 0 0 85) (size 4.1 4.1) (drill 4.1) (layers *.Cu *.Mask))
    (pad "" np_thru_hole circle (at 5.08 0 355) (size 1.9 1.9) (drill 1.9) (layers *.Cu *.Mask))
    (pad "" np_thru_hole circle (at -5.08 0 355) (size 1.9 1.9) (drill 1.9) (layers *.Cu *.Mask))
    (pad 2 smd rect (at 5.842 -5.08 175) (size 2.55 2.5) (layers B.Cu B.Paste B.Mask)
      (net 20 "Net-(D16-Pad2)"))
    (pad "" np_thru_hole circle (at -3.81 -2.54 355) (size 3 3) (drill 3) (layers *.Cu *.Mask))
    (pad "" np_thru_hole circle (at 2.54 -5.08 355) (size 3 3) (drill 3) (layers *.Cu *.Mask))
    (model /Users/foostan/src/github.com/foostan/kbd/kicad-packages3D/kbd.3dshapes/Kailh-CherryMX-Socket.step
      (offset (xyz -1.3 7.6 -3.6))
      (scale (xyz 1 1 1))
      (rotate (xyz 0 0 180))
    )
  )

  (module kbd:CherryMX_Hotswap (layer F.Cu) (tedit 5F70BC32) (tstamp 6055AFE2)
    (at 186 149.5 355)
    (path /6059E998)
    (fp_text reference SW15 (at 7.1 8.2 175) (layer F.SilkS) hide
      (effects (font (size 1 1) (thickness 0.15)))
    )
    (fp_text value SW_PUSH (at -4.8 8.3 175) (layer F.Fab) hide
      (effects (font (size 1 1) (thickness 0.15)))
    )
    (fp_line (start -7 7) (end -6 7) (layer Dwgs.User) (width 0.15))
    (fp_line (start 7 -7) (end 7 -6) (layer Dwgs.User) (width 0.15))
    (fp_line (start -7 -7) (end -6 -7) (layer Dwgs.User) (width 0.15))
    (fp_line (start 7 7) (end 7 6) (layer Dwgs.User) (width 0.15))
    (fp_line (start 6 7) (end 7 7) (layer Dwgs.User) (width 0.15))
    (fp_line (start -7 6) (end -7 7) (layer Dwgs.User) (width 0.15))
    (fp_line (start 7 -7) (end 6 -7) (layer Dwgs.User) (width 0.15))
    (fp_line (start -7 -6) (end -7 -7) (layer Dwgs.User) (width 0.15))
    (fp_line (start -9.525 9.525) (end -9.525 -9.525) (layer Dwgs.User) (width 0.15))
    (fp_line (start 9.525 9.525) (end -9.525 9.525) (layer Dwgs.User) (width 0.15))
    (fp_line (start 9.525 -9.525) (end 9.525 9.525) (layer Dwgs.User) (width 0.15))
    (fp_line (start -9.525 -9.525) (end 9.525 -9.525) (layer Dwgs.User) (width 0.15))
    (fp_line (start -5.8 -4.05) (end -5.8 -4.7) (layer B.SilkS) (width 0.3))
    (fp_line (start -5.3 -1.6) (end -5.3 -3.399999) (layer B.SilkS) (width 0.8))
    (fp_line (start -4.17 -5.1) (end -4.17 -2.86) (layer B.SilkS) (width 3))
    (fp_line (start 4.2 -3.25) (end 2.9 -3.3) (layer B.SilkS) (width 0.5))
    (fp_line (start 3.9 -6) (end 3.9 -3.5) (layer B.SilkS) (width 1))
    (fp_line (start 2.6 -4.8) (end -4.1 -4.8) (layer B.SilkS) (width 3.5))
    (fp_line (start 4.4 -3) (end 4.4 -6.6) (layer B.SilkS) (width 0.15))
    (fp_line (start 4.38 -4) (end 4.38 -6.25) (layer B.SilkS) (width 0.15))
    (fp_line (start -5.9 -3.95) (end -5.7 -3.95) (layer B.SilkS) (width 0.15))
    (fp_line (start -5.65 -5.55) (end -5.65 -1.1) (layer B.SilkS) (width 0.15))
    (fp_line (start -5.9 -4.7) (end -5.9 -3.95) (layer B.SilkS) (width 0.15))
    (fp_line (start -5.65 -1.1) (end -2.62 -1.1) (layer B.SilkS) (width 0.15))
    (fp_line (start -0.4 -3) (end 4.4 -3) (layer B.SilkS) (width 0.15))
    (fp_line (start 4.4 -6.6) (end -3.800001 -6.6) (layer B.SilkS) (width 0.15))
    (fp_line (start -5.45 -1.3) (end -3 -1.3) (layer B.SilkS) (width 0.5))
    (fp_line (start 4.25 -6.4) (end 3 -6.4) (layer B.SilkS) (width 0.4))
    (fp_arc (start -0.465 -0.83) (end -0.4 -3) (angle -84) (layer B.SilkS) (width 0.15))
    (fp_arc (start -3.9 -4.6) (end -3.800001 -6.6) (angle -90) (layer B.SilkS) (width 0.15))
    (fp_arc (start -0.865 -1.23) (end -0.8 -3.4) (angle -84) (layer B.SilkS) (width 1))
    (pad "" np_thru_hole circle (at 2.54 -5.08 355) (size 3 3) (drill 3) (layers *.Cu *.Mask))
    (pad "" np_thru_hole circle (at -3.81 -2.54 355) (size 3 3) (drill 3) (layers *.Cu *.Mask))
    (pad 2 smd rect (at 5.842 -5.08 175) (size 2.55 2.5) (layers B.Cu B.Paste B.Mask)
      (net 18 "Net-(D15-Pad2)"))
    (pad "" np_thru_hole circle (at -5.08 0 355) (size 1.9 1.9) (drill 1.9) (layers *.Cu *.Mask))
    (pad "" np_thru_hole circle (at 5.08 0 355) (size 1.9 1.9) (drill 1.9) (layers *.Cu *.Mask))
    (pad "" np_thru_hole circle (at 0 0 85) (size 4.1 4.1) (drill 4.1) (layers *.Cu *.Mask))
    (pad 1 smd rect (at -7.085 -2.54 175) (size 2.55 2.5) (layers B.Cu B.Paste B.Mask)
      (net 49 col4))
    (model /Users/foostan/src/github.com/foostan/kbd/kicad-packages3D/kbd.3dshapes/Kailh-CherryMX-Socket.step
      (offset (xyz -1.3 7.6 -3.6))
      (scale (xyz 1 1 1))
      (rotate (xyz 0 0 180))
    )
  )

  (module kbd:CherryMX_Hotswap (layer F.Cu) (tedit 5F70BC32) (tstamp 6055B08A)
    (at 231.775 149.479 5)
    (path /60569920)
    (fp_text reference SW19 (at 7.1 8.2 5) (layer F.SilkS) hide
      (effects (font (size 1 1) (thickness 0.15)))
    )
    (fp_text value SW_PUSH (at -4.8 8.3 5) (layer F.Fab) hide
      (effects (font (size 1 1) (thickness 0.15)))
    )
    (fp_line (start -7 7) (end -6 7) (layer Dwgs.User) (width 0.15))
    (fp_line (start 7 -7) (end 7 -6) (layer Dwgs.User) (width 0.15))
    (fp_line (start -7 -7) (end -6 -7) (layer Dwgs.User) (width 0.15))
    (fp_line (start 7 7) (end 7 6) (layer Dwgs.User) (width 0.15))
    (fp_line (start 6 7) (end 7 7) (layer Dwgs.User) (width 0.15))
    (fp_line (start -7 6) (end -7 7) (layer Dwgs.User) (width 0.15))
    (fp_line (start 7 -7) (end 6 -7) (layer Dwgs.User) (width 0.15))
    (fp_line (start -7 -6) (end -7 -7) (layer Dwgs.User) (width 0.15))
    (fp_line (start -9.525 9.525) (end -9.525 -9.525) (layer Dwgs.User) (width 0.15))
    (fp_line (start 9.525 9.525) (end -9.525 9.525) (layer Dwgs.User) (width 0.15))
    (fp_line (start 9.525 -9.525) (end 9.525 9.525) (layer Dwgs.User) (width 0.15))
    (fp_line (start -9.525 -9.525) (end 9.525 -9.525) (layer Dwgs.User) (width 0.15))
    (fp_line (start -5.8 -4.05) (end -5.8 -4.7) (layer B.SilkS) (width 0.3))
    (fp_line (start -5.3 -1.6) (end -5.3 -3.399999) (layer B.SilkS) (width 0.8))
    (fp_line (start -4.17 -5.1) (end -4.17 -2.86) (layer B.SilkS) (width 3))
    (fp_line (start 4.2 -3.25) (end 2.9 -3.3) (layer B.SilkS) (width 0.5))
    (fp_line (start 3.9 -6) (end 3.9 -3.5) (layer B.SilkS) (width 1))
    (fp_line (start 2.6 -4.8) (end -4.1 -4.8) (layer B.SilkS) (width 3.5))
    (fp_line (start 4.4 -3) (end 4.4 -6.6) (layer B.SilkS) (width 0.15))
    (fp_line (start 4.38 -4) (end 4.38 -6.25) (layer B.SilkS) (width 0.15))
    (fp_line (start -5.9 -3.95) (end -5.7 -3.95) (layer B.SilkS) (width 0.15))
    (fp_line (start -5.65 -5.55) (end -5.65 -1.1) (layer B.SilkS) (width 0.15))
    (fp_line (start -5.9 -4.7) (end -5.9 -3.95) (layer B.SilkS) (width 0.15))
    (fp_line (start -5.65 -1.1) (end -2.62 -1.1) (layer B.SilkS) (width 0.15))
    (fp_line (start -0.4 -3) (end 4.4 -3) (layer B.SilkS) (width 0.15))
    (fp_line (start 4.4 -6.6) (end -3.800001 -6.6) (layer B.SilkS) (width 0.15))
    (fp_line (start -5.45 -1.3) (end -3 -1.3) (layer B.SilkS) (width 0.5))
    (fp_line (start 4.25 -6.4) (end 3 -6.4) (layer B.SilkS) (width 0.4))
    (fp_arc (start -0.465 -0.83) (end -0.4 -3) (angle -84) (layer B.SilkS) (width 0.15))
    (fp_arc (start -3.9 -4.6) (end -3.800001 -6.6) (angle -90) (layer B.SilkS) (width 0.15))
    (fp_arc (start -0.865 -1.23) (end -0.8 -3.4) (angle -84) (layer B.SilkS) (width 1))
    (pad "" np_thru_hole circle (at 2.54 -5.08 5) (size 3 3) (drill 3) (layers *.Cu *.Mask))
    (pad "" np_thru_hole circle (at -3.81 -2.54 5) (size 3 3) (drill 3) (layers *.Cu *.Mask))
    (pad 2 smd rect (at 5.842 -5.08 185) (size 2.55 2.5) (layers B.Cu B.Paste B.Mask)
      (net 25 "Net-(D19-Pad2)"))
    (pad "" np_thru_hole circle (at -5.08 0 5) (size 1.9 1.9) (drill 1.9) (layers *.Cu *.Mask))
    (pad "" np_thru_hole circle (at 5.08 0 5) (size 1.9 1.9) (drill 1.9) (layers *.Cu *.Mask))
    (pad "" np_thru_hole circle (at 0 0 95) (size 4.1 4.1) (drill 4.1) (layers *.Cu *.Mask))
    (pad 1 smd rect (at -7.085 -2.54 185) (size 2.55 2.5) (layers B.Cu B.Paste B.Mask)
      (net 45 col0))
    (model /Users/foostan/src/github.com/foostan/kbd/kicad-packages3D/kbd.3dshapes/Kailh-CherryMX-Socket.step
      (offset (xyz -1.3 7.6 -3.6))
      (scale (xyz 1 1 1))
      (rotate (xyz 0 0 180))
    )
  )

  (module kbd:CherryMX_Hotswap (layer F.Cu) (tedit 5F70BC32) (tstamp 6055AD96)
    (at 111.887 121.92 355)
    (path /6059E9DF)
    (fp_text reference SW1 (at 7.1 8.2 175) (layer F.SilkS) hide
      (effects (font (size 1 1) (thickness 0.15)))
    )
    (fp_text value SW_PUSH (at -4.8 8.3 175) (layer F.Fab) hide
      (effects (font (size 1 1) (thickness 0.15)))
    )
    (fp_line (start 4.25 -6.4) (end 3 -6.4) (layer B.SilkS) (width 0.4))
    (fp_line (start -5.45 -1.3) (end -3 -1.3) (layer B.SilkS) (width 0.5))
    (fp_line (start 4.4 -6.6) (end -3.800001 -6.6) (layer B.SilkS) (width 0.15))
    (fp_line (start -0.4 -3) (end 4.4 -3) (layer B.SilkS) (width 0.15))
    (fp_line (start -5.65 -1.1) (end -2.62 -1.1) (layer B.SilkS) (width 0.15))
    (fp_line (start -5.9 -4.7) (end -5.9 -3.95) (layer B.SilkS) (width 0.15))
    (fp_line (start -5.65 -5.55) (end -5.65 -1.1) (layer B.SilkS) (width 0.15))
    (fp_line (start -5.9 -3.95) (end -5.7 -3.95) (layer B.SilkS) (width 0.15))
    (fp_line (start 4.38 -4) (end 4.38 -6.25) (layer B.SilkS) (width 0.15))
    (fp_line (start 4.4 -3) (end 4.4 -6.6) (layer B.SilkS) (width 0.15))
    (fp_line (start 2.6 -4.8) (end -4.1 -4.8) (layer B.SilkS) (width 3.5))
    (fp_line (start 3.9 -6) (end 3.9 -3.5) (layer B.SilkS) (width 1))
    (fp_line (start 4.2 -3.25) (end 2.9 -3.3) (layer B.SilkS) (width 0.5))
    (fp_line (start -4.17 -5.1) (end -4.17 -2.86) (layer B.SilkS) (width 3))
    (fp_line (start -5.3 -1.6) (end -5.3 -3.399999) (layer B.SilkS) (width 0.8))
    (fp_line (start -5.8 -4.05) (end -5.8 -4.7) (layer B.SilkS) (width 0.3))
    (fp_line (start -9.525 -9.525) (end 9.525 -9.525) (layer Dwgs.User) (width 0.15))
    (fp_line (start 9.525 -9.525) (end 9.525 9.525) (layer Dwgs.User) (width 0.15))
    (fp_line (start 9.525 9.525) (end -9.525 9.525) (layer Dwgs.User) (width 0.15))
    (fp_line (start -9.525 9.525) (end -9.525 -9.525) (layer Dwgs.User) (width 0.15))
    (fp_line (start -7 -6) (end -7 -7) (layer Dwgs.User) (width 0.15))
    (fp_line (start 7 -7) (end 6 -7) (layer Dwgs.User) (width 0.15))
    (fp_line (start -7 6) (end -7 7) (layer Dwgs.User) (width 0.15))
    (fp_line (start 6 7) (end 7 7) (layer Dwgs.User) (width 0.15))
    (fp_line (start 7 7) (end 7 6) (layer Dwgs.User) (width 0.15))
    (fp_line (start -7 -7) (end -6 -7) (layer Dwgs.User) (width 0.15))
    (fp_line (start 7 -7) (end 7 -6) (layer Dwgs.User) (width 0.15))
    (fp_line (start -7 7) (end -6 7) (layer Dwgs.User) (width 0.15))
    (fp_arc (start -0.865 -1.23) (end -0.8 -3.4) (angle -84) (layer B.SilkS) (width 1))
    (fp_arc (start -3.9 -4.6) (end -3.800001 -6.6) (angle -90) (layer B.SilkS) (width 0.15))
    (fp_arc (start -0.465 -0.83) (end -0.4 -3) (angle -84) (layer B.SilkS) (width 0.15))
    (pad 1 smd rect (at -7.085 -2.54 175) (size 2.55 2.5) (layers B.Cu B.Paste B.Mask)
      (net 45 col0))
    (pad "" np_thru_hole circle (at 0 0 85) (size 4.1 4.1) (drill 4.1) (layers *.Cu *.Mask))
    (pad "" np_thru_hole circle (at 5.08 0 355) (size 1.9 1.9) (drill 1.9) (layers *.Cu *.Mask))
    (pad "" np_thru_hole circle (at -5.08 0 355) (size 1.9 1.9) (drill 1.9) (layers *.Cu *.Mask))
    (pad 2 smd rect (at 5.842 -5.08 175) (size 2.55 2.5) (layers B.Cu B.Paste B.Mask)
      (net 1 "Net-(D1-Pad2)"))
    (pad "" np_thru_hole circle (at -3.81 -2.54 355) (size 3 3) (drill 3) (layers *.Cu *.Mask))
    (pad "" np_thru_hole circle (at 2.54 -5.08 355) (size 3 3) (drill 3) (layers *.Cu *.Mask))
    (model /Users/foostan/src/github.com/foostan/kbd/kicad-packages3D/kbd.3dshapes/Kailh-CherryMX-Socket.step
      (offset (xyz -1.3 7.6 -3.6))
      (scale (xyz 1 1 1))
      (rotate (xyz 0 0 180))
    )
  )

  (module kbd:CherryMX_Hotswap (layer F.Cu) (tedit 5F70BC32) (tstamp 6055ADC0)
    (at 110.2 140.9 355)
    (path /6059EA28)
    (fp_text reference SW2 (at 7.1 8.2 175) (layer F.SilkS) hide
      (effects (font (size 1 1) (thickness 0.15)))
    )
    (fp_text value SW_PUSH (at -4.8 8.3 175) (layer F.Fab) hide
      (effects (font (size 1 1) (thickness 0.15)))
    )
    (fp_line (start -7 7) (end -6 7) (layer Dwgs.User) (width 0.15))
    (fp_line (start 7 -7) (end 7 -6) (layer Dwgs.User) (width 0.15))
    (fp_line (start -7 -7) (end -6 -7) (layer Dwgs.User) (width 0.15))
    (fp_line (start 7 7) (end 7 6) (layer Dwgs.User) (width 0.15))
    (fp_line (start 6 7) (end 7 7) (layer Dwgs.User) (width 0.15))
    (fp_line (start -7 6) (end -7 7) (layer Dwgs.User) (width 0.15))
    (fp_line (start 7 -7) (end 6 -7) (layer Dwgs.User) (width 0.15))
    (fp_line (start -7 -6) (end -7 -7) (layer Dwgs.User) (width 0.15))
    (fp_line (start -9.525 9.525) (end -9.525 -9.525) (layer Dwgs.User) (width 0.15))
    (fp_line (start 9.525 9.525) (end -9.525 9.525) (layer Dwgs.User) (width 0.15))
    (fp_line (start 9.525 -9.525) (end 9.525 9.525) (layer Dwgs.User) (width 0.15))
    (fp_line (start -9.525 -9.525) (end 9.525 -9.525) (layer Dwgs.User) (width 0.15))
    (fp_line (start -5.8 -4.05) (end -5.8 -4.7) (layer B.SilkS) (width 0.3))
    (fp_line (start -5.3 -1.6) (end -5.3 -3.399999) (layer B.SilkS) (width 0.8))
    (fp_line (start -4.17 -5.1) (end -4.17 -2.86) (layer B.SilkS) (width 3))
    (fp_line (start 4.2 -3.25) (end 2.9 -3.3) (layer B.SilkS) (width 0.5))
    (fp_line (start 3.9 -6) (end 3.9 -3.5) (layer B.SilkS) (width 1))
    (fp_line (start 2.6 -4.8) (end -4.1 -4.8) (layer B.SilkS) (width 3.5))
    (fp_line (start 4.4 -3) (end 4.4 -6.6) (layer B.SilkS) (width 0.15))
    (fp_line (start 4.38 -4) (end 4.38 -6.25) (layer B.SilkS) (width 0.15))
    (fp_line (start -5.9 -3.95) (end -5.7 -3.95) (layer B.SilkS) (width 0.15))
    (fp_line (start -5.65 -5.55) (end -5.65 -1.1) (layer B.SilkS) (width 0.15))
    (fp_line (start -5.9 -4.7) (end -5.9 -3.95) (layer B.SilkS) (width 0.15))
    (fp_line (start -5.65 -1.1) (end -2.62 -1.1) (layer B.SilkS) (width 0.15))
    (fp_line (start -0.4 -3) (end 4.4 -3) (layer B.SilkS) (width 0.15))
    (fp_line (start 4.4 -6.6) (end -3.800001 -6.6) (layer B.SilkS) (width 0.15))
    (fp_line (start -5.45 -1.3) (end -3 -1.3) (layer B.SilkS) (width 0.5))
    (fp_line (start 4.25 -6.4) (end 3 -6.4) (layer B.SilkS) (width 0.4))
    (fp_arc (start -0.465 -0.83) (end -0.4 -3) (angle -84) (layer B.SilkS) (width 0.15))
    (fp_arc (start -3.9 -4.6) (end -3.800001 -6.6) (angle -90) (layer B.SilkS) (width 0.15))
    (fp_arc (start -0.865 -1.23) (end -0.8 -3.4) (angle -84) (layer B.SilkS) (width 1))
    (pad "" np_thru_hole circle (at 2.54 -5.08 355) (size 3 3) (drill 3) (layers *.Cu *.Mask))
    (pad "" np_thru_hole circle (at -3.81 -2.54 355) (size 3 3) (drill 3) (layers *.Cu *.Mask))
    (pad 2 smd rect (at 5.842 -5.08 175) (size 2.55 2.5) (layers B.Cu B.Paste B.Mask)
      (net 3 "Net-(D2-Pad2)"))
    (pad "" np_thru_hole circle (at -5.08 0 355) (size 1.9 1.9) (drill 1.9) (layers *.Cu *.Mask))
    (pad "" np_thru_hole circle (at 5.08 0 355) (size 1.9 1.9) (drill 1.9) (layers *.Cu *.Mask))
    (pad "" np_thru_hole circle (at 0 0 85) (size 4.1 4.1) (drill 4.1) (layers *.Cu *.Mask))
    (pad 1 smd rect (at -7.085 -2.54 175) (size 2.55 2.5) (layers B.Cu B.Paste B.Mask)
      (net 45 col0))
    (model /Users/foostan/src/github.com/foostan/kbd/kicad-packages3D/kbd.3dshapes/Kailh-CherryMX-Socket.step
      (offset (xyz -1.3 7.6 -3.6))
      (scale (xyz 1 1 1))
      (rotate (xyz 0 0 180))
    )
  )

  (module kbd:CherryMX_Hotswap (layer F.Cu) (tedit 5F70BC32) (tstamp 6055ADEA)
    (at 108.585 159.893 355)
    (path /6059E980)
    (fp_text reference SW3 (at 7.1 8.2 175) (layer F.SilkS) hide
      (effects (font (size 1 1) (thickness 0.15)))
    )
    (fp_text value SW_PUSH (at -4.8 8.3 175) (layer F.Fab) hide
      (effects (font (size 1 1) (thickness 0.15)))
    )
    (fp_line (start -7 7) (end -6 7) (layer Dwgs.User) (width 0.15))
    (fp_line (start 7 -7) (end 7 -6) (layer Dwgs.User) (width 0.15))
    (fp_line (start -7 -7) (end -6 -7) (layer Dwgs.User) (width 0.15))
    (fp_line (start 7 7) (end 7 6) (layer Dwgs.User) (width 0.15))
    (fp_line (start 6 7) (end 7 7) (layer Dwgs.User) (width 0.15))
    (fp_line (start -7 6) (end -7 7) (layer Dwgs.User) (width 0.15))
    (fp_line (start 7 -7) (end 6 -7) (layer Dwgs.User) (width 0.15))
    (fp_line (start -7 -6) (end -7 -7) (layer Dwgs.User) (width 0.15))
    (fp_line (start -9.525 9.525) (end -9.525 -9.525) (layer Dwgs.User) (width 0.15))
    (fp_line (start 9.525 9.525) (end -9.525 9.525) (layer Dwgs.User) (width 0.15))
    (fp_line (start 9.525 -9.525) (end 9.525 9.525) (layer Dwgs.User) (width 0.15))
    (fp_line (start -9.525 -9.525) (end 9.525 -9.525) (layer Dwgs.User) (width 0.15))
    (fp_line (start -5.8 -4.05) (end -5.8 -4.7) (layer B.SilkS) (width 0.3))
    (fp_line (start -5.3 -1.6) (end -5.3 -3.399999) (layer B.SilkS) (width 0.8))
    (fp_line (start -4.17 -5.1) (end -4.17 -2.86) (layer B.SilkS) (width 3))
    (fp_line (start 4.2 -3.25) (end 2.9 -3.3) (layer B.SilkS) (width 0.5))
    (fp_line (start 3.9 -6) (end 3.9 -3.5) (layer B.SilkS) (width 1))
    (fp_line (start 2.6 -4.8) (end -4.1 -4.8) (layer B.SilkS) (width 3.5))
    (fp_line (start 4.4 -3) (end 4.4 -6.6) (layer B.SilkS) (width 0.15))
    (fp_line (start 4.38 -4) (end 4.38 -6.25) (layer B.SilkS) (width 0.15))
    (fp_line (start -5.9 -3.95) (end -5.7 -3.95) (layer B.SilkS) (width 0.15))
    (fp_line (start -5.65 -5.55) (end -5.65 -1.1) (layer B.SilkS) (width 0.15))
    (fp_line (start -5.9 -4.7) (end -5.9 -3.95) (layer B.SilkS) (width 0.15))
    (fp_line (start -5.65 -1.1) (end -2.62 -1.1) (layer B.SilkS) (width 0.15))
    (fp_line (start -0.4 -3) (end 4.4 -3) (layer B.SilkS) (width 0.15))
    (fp_line (start 4.4 -6.6) (end -3.800001 -6.6) (layer B.SilkS) (width 0.15))
    (fp_line (start -5.45 -1.3) (end -3 -1.3) (layer B.SilkS) (width 0.5))
    (fp_line (start 4.25 -6.4) (end 3 -6.4) (layer B.SilkS) (width 0.4))
    (fp_arc (start -0.465 -0.83) (end -0.4 -3) (angle -84) (layer B.SilkS) (width 0.15))
    (fp_arc (start -3.9 -4.6) (end -3.800001 -6.6) (angle -90) (layer B.SilkS) (width 0.15))
    (fp_arc (start -0.865 -1.23) (end -0.8 -3.4) (angle -84) (layer B.SilkS) (width 1))
    (pad "" np_thru_hole circle (at 2.54 -5.08 355) (size 3 3) (drill 3) (layers *.Cu *.Mask))
    (pad "" np_thru_hole circle (at -3.81 -2.54 355) (size 3 3) (drill 3) (layers *.Cu *.Mask))
    (pad 2 smd rect (at 5.842 -5.08 175) (size 2.55 2.5) (layers B.Cu B.Paste B.Mask)
      (net 5 "Net-(D3-Pad2)"))
    (pad "" np_thru_hole circle (at -5.08 0 355) (size 1.9 1.9) (drill 1.9) (layers *.Cu *.Mask))
    (pad "" np_thru_hole circle (at 5.08 0 355) (size 1.9 1.9) (drill 1.9) (layers *.Cu *.Mask))
    (pad "" np_thru_hole circle (at 0 0 85) (size 4.1 4.1) (drill 4.1) (layers *.Cu *.Mask))
    (pad 1 smd rect (at -7.085 -2.54 175) (size 2.55 2.5) (layers B.Cu B.Paste B.Mask)
      (net 45 col0))
    (model /Users/foostan/src/github.com/foostan/kbd/kicad-packages3D/kbd.3dshapes/Kailh-CherryMX-Socket.step
      (offset (xyz -1.3 7.6 -3.6))
      (scale (xyz 1 1 1))
      (rotate (xyz 0 0 180))
    )
  )

  (module kbd:CherryMX_Hotswap (layer F.Cu) (tedit 5F70BC32) (tstamp 6055AE14)
    (at 132.5 104.6 355)
    (path /6059E9D9)
    (fp_text reference SW4 (at 7.1 8.2 175) (layer F.SilkS) hide
      (effects (font (size 1 1) (thickness 0.15)))
    )
    (fp_text value SW_PUSH (at -4.8 8.3 175) (layer F.Fab) hide
      (effects (font (size 1 1) (thickness 0.15)))
    )
    (fp_line (start -7 7) (end -6 7) (layer Dwgs.User) (width 0.15))
